createdAt,committedVolume,actualProduction,begInventory,totalStock,soldAmount,unsold,consumerId,producerId
01/01/2016,3300000,2755800,2183500,4939300,1896308,3042992,2024000100,2024000009
01/02/2016,3300000,2879600,3042992,5922592,2967937,2954655,2024000100,2024000009
01/03/2016,3300000,3290000,2954655,6244655,4425410,1819245,2024000100,2024000009
01/04/2016,3200000,3196400,1819245,5015645,3622131.765,1393513.235,2024000100,2024000009
01/05/2016,3200000,3345800,1393513.235,4739313.235,3412744.91,1326568.325,2024000100,2024000009
01/06/2016,3200000,3229100,1326568.325,4555668.325,3529897,1025771.325,2024000100,2024000009
01/07/2016,3100000,3383100,1025771.325,4408871.325,3052793.97,1356077.356,2024000100,2024000009
01/08/2016,3100000,3391000,1356077.356,4747077.356,3491765.856,1255311.5,2024000100,2024000009
01/09/2016,3000000,3367500,1255311.5,4622811.5,3508843.683,1113967.817,2024000100,2024000009
01/10/2016,3100000,3273000,1113967.817,4386967.817,2149969.362,2236998.455,2024000100,2024000009
01/11/2016,3100000,3114800,2236998.455,5351798.455,3489618.193,1862180.263,2024000100,2024000009
01/12/2016,3000000,3194600,1862180.263,5056780.263,3087782.877,1968997.386,2024000100,2024000009
01/01/2017,3300000,3234000,1968997.386,5202997.386,3431818.182,1771179.204,2024000100,2024000009
01/02/2017,3100000,2998500,1771179.204,4769679.204,3377451.009,1392228.195,2024000100,2024000009
01/03/2017,3300000,2128600,1392228.195,3520828.195,2355882.352,1164945.843,2024000100,2024000009
01/04/2017,3200000,1912000,1164945.843,3076945.843,1033333.333,2043612.51,2024000100,2024000009
01/05/2017,3200000,2399300,2043612.51,4442912.51,2519607.843,1923304.667,2024000100,2024000009
01/06/2017,3200000,1825700,1923304.667,3749004.667,2133921.568,1615083.099,2024000100,2024000009
01/07/2017,3200000,2364300,1615083.099,3979383.099,1843950,2135433.099,2024000100,2024000009
01/08/2017,3200000,2815400,2135433.099,4950833.099,3429701,1521132.099,2024000100,2024000009
01/09/2017,3200000,3368900,1521132.099,4890032.099,2311667,2578365.099,2024000100,2024000009
01/10/2017,3200000,3172400,2578365.099,5750765.099,3629002,2121763.099,2024000100,2024000009
01/11/2017,3200000,2135100,2121763.099,4256863.099,2284666,1972197.099,2024000100,2024000009
01/12/2017,3200000,2398100,1972197.099,4370297.099,2276504,2093793.099,2024000100,2024000009
01/01/2018,3300000,2812700,2093793.099,4906493.099,3260539,1645954.099,2024000100,2024000009
01/02/2018,3100000,2360500,1645954.099,4006454.099,1898092,2108362.099,2024000100,2024000009
01/03/2018,3300000,3094800,2108362.099,5203162.099,2828368,2374794.099,2024000100,2024000009
01/04/2018,3200000,2456200,2374794.099,4830994.099,2155717,2675277.099,2024000100,2024000009
01/05/2018,3200000,2706600,2675277.099,5381877.099,3388506,1993371.099,2024000100,2024000009
01/06/2018,3200000,2990700,1993371.099,4984071.099,2490030,2494041.099,2024000100,2024000009
01/07/2018,3200000,3645000,2494041.099,6139041.099,5019547,1119494.099,2024000100,2024000009
01/08/2018,3200000,3420900,1119494.099,4540394.099,3542690,997704.0994,2024000100,2024000009
01/09/2018,3200000,3510200,997704.0994,4507904.099,2536622,1971282.099,2024000100,2024000009
01/10/2018,3200000,3640300,1971282.099,5611582.099,3481864,2129718.099,2024000100,2024000009
01/11/2018,3200000,3293900,2129718.099,5423618.099,2774248,2649370.099,2024000100,2024000009
01/12/2018,3200000,2975600,2649370.099,5624970.099,2889367,2735603.099,2024000100,2024000009
01/01/2019,3300000,3136300,2735601.313,5871901.313,2782962.906,3088940.95,2024000100,2024000009
01/02/2019,3200000,2999600,3088940.95,6088540.95,3641697.808,2446843.142,2024000100,2024000009
01/03/2019,3200000,3616600,2446843.142,6063443.142,4308916.79,1754526.352,2024000100,2024000009
01/04/2019,3200000,3511100,1754526.352,5265626.352,3595393.024,1670233.328,2024000100,2024000009
01/05/2019,3200000,3415700,1670233.328,5085933.328,3768754.906,1317178.422,2024000100,2024000009
01/06/2019,3200000,3436200,1317178.422,4753378.422,3731910.497,1021467.925,2024000100,2024000009
01/07/2019,3200000,3691000,1021467.925,4712467.925,3414435.978,1298031.946,2024000100,2024000009
01/08/2019,3200000,3723300,1298031.946,5021331.946,3549109.092,1472222.854,2024000100,2024000009
01/09/2019,3200000,3606800,1472222.854,5079022.854,3263718.697,1815304.157,2024000100,2024000009
01/10/2019,3200000,3526400,1815304.157,5341704.157,3560390.16,1781313.998,2024000100,2024000009
01/11/2019,3200000,3554600,1781313.998,5335913.998,3497364.094,1838549.904,2024000100,2024000009
01/12/2019,3200000,3533200,1838549.904,5371749.904,3724837.774,1646912.13,2024000100,2024000009
01/01/2020,3300000,3566400,1646912.13,5213312.13,3710410.296,1502901.834,2024000100,2024000009
01/02/2020,3200000,3091000,1502901.834,4593901.834,3161905.924,1431995.91,2024000100,2024000009
01/03/2020,3200000,2525300,1431995.91,3957295.91,1921547.537,2035748.373,2024000100,2024000009
01/04/2020,3200000,0,2035748.373,2035748.373,900568.0049,1135180.368,2024000100,2024000009
01/05/2020,3200000,2731200,1135180.368,3866380.368,2300696.084,1565684.285,2024000100,2024000009
01/06/2020,3200000,2376900,1565684.285,3942584.285,2525870.594,1416713.691,2024000100,2024000009
01/07/2020,3200000,2349500,1416713.691,3766213.691,2613843.729,1152369.962,2024000100,2024000009
01/08/2020,3200000,2101000,1152369.962,3253369.962,1282515.689,1970854.273,2024000100,2024000009
01/09/2020,3200000,2091100,1970854.273,4061954.273,2691043.142,1370911.131,2024000100,2024000009
01/10/2020,2700000,2532200,1370911,3903111,2595088,1308023,2024000100,2024000009
01/11/2020,2700000,3180200,1308023,4488223,3688697,799527,2024000100,2024000009
01/12/2020,2700000,3558600,799527,4358127,3196871,1161256,2024000100,2024000009
01/01/2021,3300000,3506300,1161256,4667556,2302706.569,2364849.431,2024000100,2024000009
01/02/2021,3200000,3247300,2364849.431,5612149.431,3456896.211,2155253.22,2024000100,2024000009
01/03/2021,3200000,3562000,2155253.22,5717253.22,3668661.409,2048591.812,2024000100,2024000009
01/04/2021,3200000,3461400,2048591.812,5509991.812,2606151.745,2903840.067,2024000100,2024000009
01/05/2021,3200000,3430100,2903840.067,6333940.067,3966067.439,2367872.628,2024000100,2024000009
01/06/2021,3200000,3389000,2367872.628,5756872.628,4263730.687,1493141.941,2024000100,2024000009
01/07/2021,3200000,3658200,1493141.941,5151341.941,3091253.266,2060088.675,2024000100,2024000009
01/08/2021,3200000,3528400,2060088.675,5588488.675,3345937.212,2242551.463,2024000100,2024000009
01/09/2021,3200000,3369700,2242551.463,5612251.463,4331228.947,1281022.516,2024000100,2024000009
01/10/2021,3200000,3501200,1281022.516,4782222.516,2569098.66,2213123.856,2024000100,2024000009
01/11/2021,3200000,3287300,2213123.856,5500423.856,3399980.089,2100443.767,2024000100,2024000009
01/12/2021,3200000,3373000,2100443.767,5473443.767,3637136.91,1836306.857,2024000100,2024000009
